max_depth	10	min_sample_count	5	test_count	100	test_class	Parabola
0	1	2
3	4	135.18421342009546	68.82275209773833	-81.06240583707961	1
5	6	28.347224774373487	-55.179878536129976	39.267293936892344	0
9	10	-27.087947794610017	84.34218689751393	-135.24475107992072	0
7	8	2.580917837558097	-45.440828696268795	94.37083761450262	0
-1	-1	1.0
-1	-1	2.0
-1	-1	1.0
11	12	-14.392245260346911	162.96724305729379	-59.725097219297695	0
13	14	-72.05040922383347	-5.133520441414134	25.055862528419738	1
-1	-1	2.0
-1	-1	1.0
15	16	-37.64939436205589	-56.964604100120425	93.23786492569744	1
17	18	-18.910503401190653	-0.23152189040060023	68.46537461538328	1
-1	-1	0.0
-1	-1	2.0
19	20	-36.75432137153009	-55.23957115755926	2.780781853143189	0
23	24	20.183584164380584	25.01991616832057	-72.20097551510882	1
21	22	-27.7216903930231	-12.731333605975841	46.458280270490775	1
-1	-1	2.0
-1	-1	2.0
-1	-1	1.0
25	26	55.154709436277024	4.767816369052312	-78.20878894652715	1
27	28	-8.3312354796603	12.40252323889024	-10.503267989144526	0
-1	-1	1.0
-1	-1	0.0
29	30	6.35759927096359	-0.7525857464285117	-20.387131446029848	1
33	34	4.853894642327347	13.473121167615865	-2.5412830413934273	0
-1	-1	2.0
31	32	4.40026987693097	-1.6286323757782966	6.993701273568348	1
-1	-1	1.0
-1	-1	2.0
35	36	-2.9749341140670786	9.753182590346192	-4.874981285334378	1
37	38	0.035308456099581775	-0.06519256401524931	1.4409420191963083	1
-1	-1	0.0
-1	-1	1.0
39	40	5.450203411105563	-3.5656695508432596	-3.240608666952585	1
43	44	0.382871091380272	-0.1429085364070365	0.7881949004647533	0
-1	-1	0.0
41	42	0.5228882540041053	-0.2933132962965921	2.1730543814807195	0
-1	-1	2.0
-1	-1	2.0
-1	-1	1.0
-1	-1	0.0
