max_depth	10	min_sample_count	5	test_count	100	test_class	Parabola
0	1	2
3	4	-48.859632227048564	-25.286721733643617	107.56131508000487	1
5	6	-141.30314143059752	-3.8475200384060884	48.99755115847725	1
9	10	29.590518535805344	-63.11234212539796	65.97629769030362	0
-1	-1	1.0
7	8	-82.03114691264314	154.56004180962944	79.8359770242125	1
-1	-1	0.0
-1	-1	1.0
-1	-1	2.0
11	12	103.42915571457935	79.74920585184749	-48.834831059457755	0
13	14	23.300057139334115	13.677151519154151	-22.230511507494313	1
43	44	86.5561059160978	27.524980398754337	-122.42966417389941	1
15	16	-32.03035979286603	25.12913104279734	120.20254940086542	1
25	26	-9.418077507856424	23.523270115177382	-17.27371180130183	0
17	18	25.54244390911886	-40.59351061220764	-19.065466208123226	1
19	20	51.54781089753196	14.588639468585754	-73.12669064019843	1
-1	-1	2.0
-1	-1	1.0
21	22	31.57294412602809	71.99889382792374	-106.95063949583715	0
23	24	-11.886213574367142	-50.91313456679728	19.18898869354068	1
-1	-1	2.0
-1	-1	1.0
-1	-1	0.0
-1	-1	1.0
-1	-1	2.0
27	28	-5.196140922267986	26.352232720643414	-1.9121684721698102	0
29	30	3.0210990725701237	-4.9294094323369535	35.864388871400095	1
35	36	1.423747768058341	-7.656251747649499	-20.101236021385766	1
31	32	-14.517975112505354	19.738511233916242	-23.656842834236244	0
-1	-1	2.0
-1	-1	2.0
33	34	-15.125389804883387	-25.053205451486498	13.521857815089678	0
-1	-1	2.0
-1	-1	1.0
37	38	-8.58218330970159	3.685725923516964	0.7447311019798377	1
-1	-1	0.0
39	40	-1.08293879977726	-0.25697940816548304	-10.470308318786188	0
-1	-1	0.0
41	42	1.5896232657949838	7.638507278952835	-16.425748478864428	1
-1	-1	2.0
-1	-1	1.0
-1	-1	1.0
-1	-1	2.0
45	46	72.93078669085813	23.68498181846161	-115.69945919470916	1
-1	-1	2.0
-1	-1	1.0
