max_depth	10	min_sample_count	5	test_count	100	test_class	Parabola
0	1	2
3	4	18.29458000230923	-50.07547976349014	98.24033143491835	0
5	6	-94.84123580208991	-74.73453666652038	7.162119575984946	0
7	8	112.72270195815668	11.25127129435306	-4.109942932437576	1
-1	-1	2.0
-1	-1	0.0
9	10	57.83259879480718	43.191720803718255	135.51112660308345	1
27	28	-63.54797733256319	-11.724806613346882	116.22902072059742	0
11	12	6.078508957373003	-35.018778844795875	130.98016297733247	0
25	26	130.62818956893608	94.65229174277087	-71.35035403151309	0
-1	-1	1.0
13	14	66.15795345433756	-4.666860827162388	-83.92644041967695	1
-1	-1	1.0
15	16	-79.68132773034293	40.133027741403104	-63.292060837671684	0
17	18	43.34979295304257	-5.974751545786198	48.20797416009597	1
23	24	-58.67701068424219	-48.62953193615397	17.302322627800258	0
19	20	4.894575626550306	147.71094701875654	-139.031619404246	1
-1	-1	1.0
21	22	64.7533193352829	-59.82684979912518	-10.937644017748966	1
-1	-1	1.0
-1	-1	0.0
-1	-1	1.0
-1	-1	1.0
-1	-1	2.0
-1	-1	2.0
-1	-1	2.0
29	30	6.154969545924587	-20.95666090015263	-104.32771304511186	1
-1	-1	2.0
31	32	17.812725808597378	-2.4897165168198687	-43.06424895848682	1
39	40	-21.0021238800609	-1.0542657563655524	38.56114404258124	0
33	34	96.11573476938383	47.99401937433457	-63.573849583864366	0
37	38	8.076818721857986	6.213631086392884	-9.894941448762214	1
-1	-1	0.0
35	36	123.95139816684716	46.20079470726855	-81.99362829943904	0
-1	-1	1.0
-1	-1	2.0
-1	-1	2.0
-1	-1	1.0
41	42	0.750079648507537	0.8191274126043666	16.034794558122428	0
-1	-1	1.0
43	44	-6.625649959720434	-11.819177372160022	2.2094188473628975	0
-1	-1	0.0
45	46	-18.73907412922255	-19.43803393905924	7.748710876804992	0
-1	-1	0.0
47	48	-3.23209447647767	-10.04047482982972	31.191939831630407	1
51	52	-26.217325705603347	-18.921313695680883	17.05249010404535	1
-1	-1	2.0
49	50	3.18457707003764	-3.7751670256615655	-3.344589769998305	1
-1	-1	1.0
-1	-1	2.0
-1	-1	1.0
-1	-1	0.0
