max_depth	10	min_sample_count	5	test_count	100	test_class	Parabola
0	1	2
3	4	-71.61176593141835	-109.63689342657786	165.03444818914983	0
-1	-1	2.0
5	6	43.297613891261676	24.482935446589337	-177.0639021885774	1
7	8	89.94615549493645	8.411366016310666	-89.82602964978781	1
11	12	-33.425021079234284	44.75262303623259	-106.29531777895994	0
-1	-1	2.0
9	10	28.470755722746134	-45.45090252780932	-121.58788700951148	0
-1	-1	1.0
-1	-1	2.0
13	14	-22.762497813743437	68.60294271498488	124.939999708528	0
17	18	-34.90739134417046	-24.599026205867474	55.329366127456495	1
15	16	-108.14190710139272	133.11232660133894	39.34530835488468	1
-1	-1	1.0
-1	-1	0.0
-1	-1	1.0
19	20	-12.815701085265744	-50.44800193957216	64.03537174045276	0
21	22	26.415698413624	-5.097794963004759	46.159536825334754	0
-1	-1	0.0
-1	-1	2.0
23	24	-17.098901951513987	9.693820227030969	85.95063304236035	1
-1	-1	2.0
25	26	7.212471557492833	-56.93698166454184	50.6177855842312	0
27	28	-3.1509745844154757	0.49781937697061096	4.093322985736194	1
-1	-1	2.0
-1	-1	1.0
29	30	0.5026794710825726	8.520754943757368	-44.6816313711428	0
37	38	20.475019882899566	8.360247781076737	-3.433720661925719	1
31	32	33.05675723814972	-15.670937784248187	26.890392912691695	0
33	34	-2.5833554304059945	4.5392356034582235	-63.22505989219004	0
-1	-1	1.0
-1	-1	0.0
-1	-1	1.0
35	36	-7.199727067306792	-36.88439659689705	6.477685954864555	1
-1	-1	0.0
-1	-1	1.0
39	40	2.5724570994994624	-0.8950365928336588	41.877884963858044	1
45	46	-0.1461402918049881	6.263643062478471	-1.2959582408362662	0
41	42	3.0959151309871045	-3.4036448798778474	-3.2980833364461772	1
43	44	25.91725107269378	-18.72704830787304	40.894502981078425	1
-1	-1	1.0
-1	-1	2.0
-1	-1	2.0
-1	-1	0.0
-1	-1	1.0
47	48	-1.2936908909185516	0.914310912354987	-1.9189798446737545	0
-1	-1	0.0
-1	-1	2.0
