max_depth	10	min_sample_count	5	test_count	100	test_class	Parabola
0	1	2
3	4	71.4384618037202	95.01842454295097	-177.86396421656542	0
5	6	-39.72108712757381	55.87216095555334	112.5351200288689	0
11	12	66.52816277994638	-81.74414427194252	125.3243856862372	0
-1	-1	0.0
7	8	-74.92558721051742	128.4072574622345	56.90767240249721	1
9	10	-76.9122987867992	149.43297844599834	-12.581201482004161	0
-1	-1	1.0
-1	-1	0.0
-1	-1	1.0
-1	-1	2.0
13	14	-61.45952091757677	-88.14898856918089	137.36439676253698	0
15	16	85.1577298088607	22.657466689010377	-90.9249165881539	1
19	20	16.67873373654335	-30.627286151780616	53.096120678621105	0
-1	-1	2.0
17	18	131.0967401024464	-54.55836228259394	-79.90970207017784	1
-1	-1	2.0
-1	-1	1.0
21	22	-56.127145321524566	-77.91134734351243	7.985387828539686	0
23	24	57.87470022107612	35.84588670855698	-66.61939378920331	0
-1	-1	1.0
-1	-1	2.0
25	26	3.436758957825731	11.655204145642543	-4.510889912112702	1
41	42	71.21372860849468	12.65168524587827	25.256902150744367	0
27	28	-36.598357253007364	139.31881370773374	-9.317896973759758	0
39	40	-15.059030728505022	18.208587766550142	-19.737128684061894	1
29	30	16.259126457565614	17.13975380173235	-6.150495028240812	0
35	36	-4.0594983735408405	14.405614697958768	-4.100646879974825	0
31	32	30.349944702729054	10.180231264415909	-69.37407908286858	0
-1	-1	2.0
33	34	46.25356664372037	43.51259170388978	-16.56376176387755	1
-1	-1	2.0
-1	-1	1.0
-1	-1	0.0
37	38	-33.075719678960986	22.71477154013161	-25.324627691889503	0
-1	-1	0.0
-1	-1	2.0
-1	-1	1.0
-1	-1	1.0
-1	-1	2.0
-1	-1	0.0
-1	-1	1.0
