max_depth	10	min_sample_count	5	test_count	100	test_class	Parabola
0	1	2
3	4	138.84731157296355	88.8472733672259	-146.69484534308208	1
-1	-1	2.0
5	6	-82.5047672522711	-68.58156070694608	149.23576120446114	1
7	8	-42.25012801511241	65.18024928565254	-114.49238181377024	0
13	14	50.584068769881824	14.374530075510577	-58.03819320376179	1
9	10	-61.41151430054284	112.02498276106826	31.7113457115544	1
-1	-1	0.0
11	12	-54.13793871944291	116.31048662494695	126.54856572475035	1
-1	-1	1.0
-1	-1	1.0
-1	-1	0.0
15	16	37.20091372076045	91.32189124271316	-17.549545260677803	0
19	20	17.84404764878056	5.283002308971874	-65.49268503741565	1
-1	-1	2.0
17	18	33.309414885189426	-80.04741561256242	-36.052069142667676	1
-1	-1	1.0
-1	-1	2.0
21	22	26.29624529266219	-58.83302713209029	-47.46097129358868	1
23	24	-49.12915561428484	-12.45528582159642	50.98761343035393	0
-1	-1	0.0
-1	-1	1.0
25	26	-27.69988318690438	27.284226837831653	-56.49038855968891	0
-1	-1	2.0
-1	-1	2.0
27	28	-4.253093261371191	-15.451609657619159	36.98561591309941	1
29	30	-9.941399378559225	-30.313885463357806	18.852856912644853	0
37	38	-2.1889408318656183	-2.900753008052021	-11.746389383390394	0
31	32	-24.961521504753755	-32.756912086808875	34.54204602466603	1
33	34	5.560805405780826	-5.787909527729077	-26.01941017090887	1
-1	-1	2.0
-1	-1	1.0
-1	-1	1.0
35	36	-24.91490428866329	-10.987210895777714	17.27943222478379	1
-1	-1	1.0
-1	-1	0.0
-1	-1	2.0
-1	-1	0.0
