max_depth	10	min_sample_count	5	test_count	100	test_class	Parabola
0	1	2
3	4	80.03996127575314	31.879118680905847	-86.88118669500236	1
5	6	20.469216845026494	-41.92667309766041	109.44195585685151	0
9	10	78.35780405875934	-62.78116699414343	-131.3519296122919	1
-1	-1	2.0
7	8	97.58838244390735	-58.80702256244066	33.3667021963018	0
-1	-1	1.0
-1	-1	2.0
11	12	72.5628221558273	0.11287196528442323	-73.15077827219676	1
19	20	-111.96956045138444	-93.02183808627679	41.933666473726475	0
-1	-1	1.0
13	14	-79.69085201945762	151.54323492701766	-140.84995588261285	0
-1	-1	1.0
15	16	-28.168418112808496	80.4852680065326	-128.51670097543865	0
-1	-1	1.0
17	18	90.5862773721507	76.3168506294155	-27.05280257436111	0
-1	-1	0.0
-1	-1	1.0
21	22	18.651867445592657	26.5273334089256	-35.07066362668951	0
-1	-1	0.0
23	24	-38.88360438064537	-26.568443841483557	47.300609413284775	1
29	30	-11.316881115824337	-28.190887294827917	31.210008604965594	1
25	26	-16.467685091264222	19.19946308642929	-3.0642596464203677	0
27	28	-51.24533983642777	6.561799697119369	47.15813208949268	1
-1	-1	2.0
-1	-1	1.0
-1	-1	2.0
-1	-1	1.0
31	32	-25.91016391303081	-32.51204223444567	24.670344482131583	0
49	50	8.798557671401696	-36.17514189361683	70.15235017326586	0
33	34	-28.780387820720374	-39.98835942957692	25.959864073135748	0
37	38	4.315787603178762	-8.777993322770627	-39.89408282245536	1
-1	-1	2.0
35	36	-15.889752971114405	-12.377224444165321	7.74274338317278	1
-1	-1	1.0
-1	-1	2.0
39	40	10.566967182174695	3.3698175838789877	8.603621477277958	0
41	42	-27.55283012529646	-25.603428496534026	23.886534335991744	1
-1	-1	1.0
-1	-1	2.0
-1	-1	0.0
43	44	0.760414163346411	-4.685324050949241	10.970507528833515	0
45	46	-21.66527663490095	-18.150074575915447	-9.489239485317059	0
47	48	1.2249899958005523	-2.738351257411751	0.579710489638809	0
-1	-1	0.0
-1	-1	1.0
-1	-1	2.0
-1	-1	1.0
-1	-1	1.0
-1	-1	0.0
