max_depth	10	min_sample_count	5	test_count	100	test_class	Parabola
0	1	2
3	4	-146.18739042949963	-101.91969422002813	35.82862181592873	1
5	6	-69.52535679685829	-61.66548711637357	150.4923352460171	1
35	36	-8.281749422722918	-88.52211101749887	60.58039159473472	1
7	8	22.833651998885045	39.04735522149818	-64.52573065150418	1
11	12	-4.391087345328273	22.99038048520815	-84.47430843331541	1
-1	-1	1.0
9	10	-168.3435941970755	-27.27366616027389	84.12981942343941	1
-1	-1	1.0
-1	-1	0.0
13	14	104.36155328602592	-63.95878087380625	16.32775580147151	0
33	34	-25.829931283478338	-13.70931231170536	50.40931197228714	1
15	16	94.80415792935312	-54.84767372169431	26.007175041060577	0
-1	-1	2.0
17	18	63.43413754183075	50.806774710783955	-57.74906916855135	0
-1	-1	1.0
19	20	4.264177287085374	-7.099927235979905	35.92302265029254	1
31	32	104.77464628284739	56.72687353826708	-72.06186858424186	0
21	22	24.351425695749867	-7.947780738065283	-18.712854023758553	1
-1	-1	2.0
23	24	-0.005650267481389193	90.8126772079392	-6.808404343052565	0
25	26	14.70868302784416	-9.73755230269196	-16.652746929950432	1
-1	-1	0.0
-1	-1	2.0
27	28	8.43857226088253	10.314326525782228	40.64431897071687	1
29	30	-14.879803332155639	-57.5705396509372	2.0317610963941135	0
-1	-1	1.0
-1	-1	2.0
-1	-1	0.0
-1	-1	0.0
-1	-1	0.0
-1	-1	1.0
-1	-1	2.0
-1	-1	1.0
37	38	51.88389271426998	-79.92096819361512	78.04664935093848	0
-1	-1	2.0
-1	-1	2.0
-1	-1	1.0
