max_depth	10	min_sample_count	5	test_count	100	test_class	Parabola
0	1	2
3	4	93.81931530576097	104.79166175452222	-168.9434164071332	0
5	6	-65.08234228198793	62.299316510228465	147.89392265279298	0
9	10	22.29023465038668	-27.420782211485047	140.0827351293319	0
7	8	-48.13210584339649	80.33895050184924	-144.67347396152934	0
-1	-1	1.0
-1	-1	1.0
-1	-1	0.0
11	12	18.99479990671145	-68.18508464051143	62.0335820956133	1
17	18	38.924394780176286	1.7556061123584215	-92.163455385674	0
13	14	73.85632661457457	-112.36985690804657	-66.73126713844889	1
-1	-1	2.0
15	16	25.700830755143997	-49.87827572537782	81.32128532112316	0
-1	-1	2.0
-1	-1	2.0
-1	-1	1.0
19	20	65.55029799250946	124.96017802702325	-60.962649691601584	0
39	40	46.34935355367604	-28.858825524717002	80.73617422334115	1
-1	-1	2.0
21	22	-0.6650205145362591	-1.8627188768676675	-87.63353805167223	1
23	24	16.897154553047905	121.85994929928668	-33.04781371917574	0
35	36	-7.854968878852013	8.926483895637887	-8.765584138570567	0
-1	-1	2.0
25	26	-11.311843073627069	44.50004063358055	46.151136005292415	1
27	28	-1.1828478622539098	-2.061556349853657	15.632241256916014	0
33	34	55.831709304716426	21.19096078496795	-38.48011704635496	1
-1	-1	2.0
29	30	6.620731075312699	1.8396301944057236	-17.79889970016716	1
-1	-1	2.0
31	32	-4.306690809007998	11.407589362818648	-3.132055916900752	0
-1	-1	1.0
-1	-1	0.0
-1	-1	1.0
-1	-1	0.0
37	38	-39.514672745047534	-1.5522099170694688	7.184073372724953	1
-1	-1	0.0
-1	-1	2.0
-1	-1	1.0
-1	-1	0.0
-1	-1	1.0
