max_depth	10	min_sample_count	5	test_count	100	test_class	Parabola
0	1	2
3	4	151.38539999747147	112.35876328392855	-140.86132549693997	1
5	6	10.910260250917204	-42.909880793964874	109.80648180499375	0
9	10	-48.43139670343615	55.48538088726394	-9.694132254437847	0
-1	-1	2.0
7	8	66.60307379204497	-18.797519466618738	-78.58230215309081	1
-1	-1	2.0
-1	-1	1.0
11	12	41.81762498686459	-21.90623446784008	105.4905218319181	0
45	46	-75.54250579017666	0.2960133774412981	102.94255160282214	1
13	14	-25.55494677228316	-15.423783123306421	-63.97487522837592	0
23	24	-18.012147675529377	72.43105156365326	-104.13581284730952	0
15	16	-28.67585866923514	27.90020414398637	-4.272350009546841	0
-1	-1	1.0
17	18	-41.64079336983059	-10.15658713403694	62.8397780994446	0
21	22	-51.42798363822733	-18.29888940538995	28.82057612907245	0
-1	-1	0.0
19	20	-133.71217906048298	32.14570810498957	4.8767537821812255	1
-1	-1	1.0
-1	-1	0.0
-1	-1	1.0
-1	-1	2.0
25	26	54.78970885503507	73.15393931490964	-85.66526556708047	1
31	32	-55.87473445742387	126.65246658314868	-38.97150025983649	0
27	28	138.90434984333103	127.40594652910102	-50.58039000479613	0
-1	-1	1.0
29	30	127.14125500554974	26.821940602537776	-14.47144033940878	1
-1	-1	2.0
-1	-1	2.0
-1	-1	1.0
33	34	60.48475639630362	-2.4474557662898064	15.090863263702062	0
35	36	-9.32402113119359	33.899470961457446	62.66976289729698	1
-1	-1	0.0
-1	-1	1.0
37	38	-64.57981133222783	69.21057091094835	38.42576718279085	1
-1	-1	2.0
39	40	11.10472756229052	9.145986059056309	-10.889102233245175	1
-1	-1	0.0
-1	-1	2.0
41	42	-4.22756001035966	2.2695157931292216	-6.086889843339918	0
43	44	-1.7891046706622191	21.790655707712858	-16.1594686006031	0
-1	-1	2.0
-1	-1	2.0
-1	-1	1.0
-1	-1	0.0
-1	-1	2.0
