max_depth	10	min_sample_count	5	test_count	100	test_class	Parabola
0	1	2
3	4	-118.66737768901993	-70.6875793241035	91.28192337142832	0
5	6	87.55691653449504	57.70170955092492	-106.42457524232026	1
49	50	-174.54851660141995	-26.864628488460184	70.52240516239578	1
7	8	93.77455150488697	-5.0386789969653165	-109.99773030938346	0
17	18	42.48364859757632	77.38102146221922	-12.42029769540629	0
9	10	-10.636849132661574	-39.637895977401186	20.85175489689874	1
-1	-1	2.0
11	12	89.34935787275506	0.5326251901198162	-20.190011742582485	1
13	14	29.10106527508082	-52.869297445824756	58.50921693535952	0
-1	-1	2.0
-1	-1	1.0
-1	-1	2.0
15	16	107.89217103912651	-40.98120312774884	20.11440346878507	0
-1	-1	1.0
-1	-1	2.0
19	20	-19.34329811595807	19.446215459102376	-112.22205552745662	1
47	48	94.7897916789911	-20.598977484665134	58.33521967233746	0
21	22	-22.657178920790308	22.68323563514859	-47.28426558699705	0
-1	-1	2.0
23	24	47.28652745746558	66.0348747792091	-35.43788454547225	1
29	30	-25.88479394310083	-29.14085152706261	22.09167178332379	0
-1	-1	2.0
25	26	-14.110148279265973	113.81285114367965	88.2942897924759	1
27	28	-17.706377062826164	79.96311661481472	-11.925416234509925	0
-1	-1	1.0
-1	-1	0.0
-1	-1	2.0
31	32	-27.049003041267852	-4.120961845989186	-3.1793467267918416	0
41	42	-14.543368443959565	-4.6299242908023786	34.462794703054826	1
33	34	-5.420369806965173	-11.293336918386103	45.313369395954034	0
-1	-1	2.0
35	36	8.196213562957755	-36.1068929470317	-15.718313762431752	1
37	38	14.43627247159684	4.986304220748022	-2.4601153436967387	1
-1	-1	0.0
-1	-1	1.0
-1	-1	2.0
39	40	1.0150761320014636	2.4256321175582323	-7.170521154255168	1
-1	-1	1.0
-1	-1	0.0
43	44	-27.795241212661608	7.682634419892835	34.93564048286473	0
45	46	-11.40101361070463	17.178222508626032	14.928543313924319	1
-1	-1	1.0
-1	-1	2.0
-1	-1	0.0
-1	-1	1.0
-1	-1	0.0
-1	-1	1.0
-1	-1	1.0
-1	-1	0.0
